1001000100000101
1001001000000111
1001001100001100
0001010000101000
1110110000000000
1110010100000000
0011011010001100
1111110101101101
0101011010101000
0001110100101000
0100111110101100
0010111110100100
1010101111010000
0100001001111000
1011000110100100
1110100100000100
0010010101100100
1111010101000011
1110011100000100
1010011010000101
1001011100011111
1001000001000100
1001000010001000
1001000011010000
1001000011010000
1001000011010000
1001000011010000
1001000011010000
1001000011010000
1001000011010000
1001000011010000
1001000011010000